Loading training data...
Done!
# training examples: 168158
# test examples: 30085     
# of inputs: 83
Model parameters: {'C': 1, 'class_weight': None, 'dual': False, 'fit_intercept': True, 'intercept_scaling': 1, 'l1_ratio': None, 'max_iter': 1000, 'multi_class': 'auto', 'n_jobs': None, 'penalty': 'l2', 'random_state': None, 'solver': 'lbfgs', 'tol': 0.0001, 'verbose': False, 'warm_start': False}
Coefficients: [[ 0.          0.1164885   0.25598929  0.02873981 -0.0148828   0.18201434
   0.16263982 -0.24538685 -0.08002243 -0.07071079 -0.06912888 -0.18488983
   0.0559745   0.41831077  0.07269646 -0.02586487 -0.18597    -0.06215024
   0.7584596   0.38871803 -0.17808849 -0.04522564  0.07740127  0.86558823
   0.25393237 -0.1542949  -0.15576635  0.18106579  0.99027677  0.35143157
  -0.21452059 -0.09538059  0.07856069  0.73535126  0.45414781 -0.20007653
  -0.12830839 -0.06305521  1.03676486 -0.05035776 -0.14423996 -0.03452326
  -0.07825097 -0.81709126 -0.33349958 -0.15289637  0.3428689  -0.13793503
  -1.0952159  -0.07006541 -0.16630006  0.42806848 -0.14189742 -0.99525012
  -0.37457252 -0.12821214  0.22108577  0.01567621 -0.64201996 -0.61302995
  -0.1127559   0.36582209 -0.09189665 -0.9718525   0.03378011 -0.00904084
   0.27356397 -0.00916015  0.06529225  0.02297463 -0.02012674 -0.00944115
   0.01737049 -0.01650911 -0.01572973  0.05976406  0.05299911  0.00333175
  -0.01285508  0.01856954 -0.01621709 -0.03221086 -0.01286047  0.01419414]]
Intercept: [0.01670868]
Training set score: 0.7286658975487339
Test set score: 0.7313611434269569
Test #1: [1440.503, 2, 0, 0, 0, 0, 3, 3, 0, 0, 0, 1, 1, 0, 1, 2, 0, 13, 157, 2, 5, 3, 12, 122, 2, 5, 4, 14, 169, 6, 4, 1, 12, 147, 6, 3, 3, 10, 6, 1, 6, 7, 16, 210, 12, 3, 1, 12, 136, 3, 4, 1, 13, 157, 1, 5, 4, 12, 153, 4, 3, 1, 10, 15, 3, 3, 4, 13, 
13, 7, 8, 11, 10, 10, 9, 4, 7, 275, 265, 2, 2, 10, 9]
Saving model...